7050
360
8820
8940
7440
4410
5040
7680
8160
3960
1620
8610
4770
3180
1740
5730
1230
6210
3630
6990
570
3750
5490
2670
6360
2310
7320
2700
7650
8760
5250
8370
5640
7080
2850
4560
5130
8400
3780
1140
3810
4170
5520
7860
3420
3150
7530
3030
2460
1800
3540
1380
600
4260
8670
5340
4710
8880
5220
6270
7620
7350
510
6660
7230
2610
7740
3240
2160
1680
3120
1290
5790
3450
4470
5550
3690
5430
8100
3900
1440
2820
4500
8460
6840
3870
4110
8070
7800
7140
2400
8850
1860
7020
660
5190
6300
2370
3720
1080
5580
930
3480
1650
3090
7590
1320
8310
8490
6330
450
4080
2340
6720
2220
4320
4650
6090
1890
690
5610
6480
5160
4530
6870
1110
3840
8040
2790
7830
7170
8280
2430
7560
3060
3510
5820
4290
6450
6120
8910
4680
1920
7410
720
8520
4440
2970
6900
8130
480
4050
6690
3930
1470
870
8640
1710
5760
1260
8250
6240
3660
7200
3270
7980
6390
8430
5100
6810
1170
2280
6780
4140
8550
7110
4380
750
8790
6150
7500
3000
1830
6420
3570
630
4590
2730
7890
960
8220
2490
5670
8340
810
4230
6180
4740
390
5310
4620
1770
780
5700
1200
8580
6750
2250
540
7260
3990
420
7710
3210
2640
5850
8970
2520
7470
5070
2910
6960
5460
1410
7920
